820.0 3488.9333 3815.9166000000005 3827.1749 
-134.25009999999975 3519.8499 3659.8999000000003 3766.4999 
3800.0998999999997 3800.0998999999997 3805.9499 3816.7999 
3458.7749000000003 3468.7749000000003 3654.5249000000003 3810.0166 
3452.3415999999997 3535.6249 3559.9249 3812.8749000000003 
3550.5499 3564.6499000000003 3646.6499000000003 3801.9999000000003 
3569.9749 3594.9748999999997 3675.7749 3815.8499 
3562.7499 3567.6998999999996 3589.7499 3802.5999 
3345.6666 3357.2666 3388.0499 3759.1249000000003 
3500.8415999999997 3540.8415999999997 3616.2165999999997 3821.0499 
3695.6666000000005 3695.6666000000005 3700.9665999999997 3812.6999 
3628.8999 3628.8999 3660.2999 3802.6999 
3626.1166 3626.1166 3655.1666 3818.7666 
3472.7416000000003 3472.7416000000003 3633.5916 3805.4916000000003 
3650.2999 3662.7999 3691.6998999999996 3812.9999000000003 
3580.3166 3587.8166 3609.3166 3812.0999 
3601.6749 3604.6749 3708.7749000000003 3804.9499 
3646.5499 3646.5499 3728.0999 3756.6999 
3522.2749000000003 3533.8749 3554.2999 3778.1999 
3579.7499 3579.7499 3659.7499 3691.8999000000003 
3533.6166000000003 3533.6166000000003 3793.9499 3816.6999 
3551.6916 3551.6916 3683.7749 3796.0999 
3530.3249 3541.9249 3667.3249 3725.1999 
3527.3249 3589.3999000000003 3599.3999000000003 3741.5499 
3555.7749 3571.7999 3714.2499000000003 3814.5999 
3359.0666 3359.0666 3543.8166 3707.6499000000003 
3615.6999 3643.8999 3718.1499 3816.7999 
3457.7499 3457.7499 3589.6999 3732.1499 

735.0 3531.025 3834.9749 3834.9749 
3825.1249000000003 3828.3749000000003 3834.9749 3834.9749 
3801.7499000000003 3824.7499000000003 3833.9749 3834.9749 
3759.5999 3829.0999 3832.3499 3833.3499 
3686.0749 3827.3249 3834.9749 3834.9749 
3447.1666000000005 3820.5166 3832.2666 3833.3499 
3776.1249000000003 3821.9499 3826.7499000000003 3833.3499 
3661.1666 3815.5666 3824.0416 3834.9749 
3740.1999 3830.0999 3833.3499 3833.3499 
3720.5999 3826.8499 3833.3499 3833.3499 
3641.5249 3829.2249 3834.9749 3834.9749 
3676.8499 3818.2499000000003 3833.9749 3834.9749 
3677.7499000000003 3821.4999000000003 3833.3499 3833.3499 
3661.7666000000004 3823.4999000000003 3833.3499 3833.3499 
3664.8749 3823.2999000000004 3833.3499 3833.3499 
3580.7165999999997 3825.7999000000004 3834.9749 3834.9749 
3752.0916 3820.8416 3833.3499 3833.3499 
3633.0416 3831.7249 3834.9749 3834.9749 
3793.3749 3830.8749000000003 3834.9749 3834.9749 
3679.9666 3822.7165999999997 3833.3499 3833.3499 
3618.0999 3818.0999 3824.2499000000003 3833.3499 
3640.6749 3831.3999000000003 3832.3999000000003 3834.9749 
3638.7749 3830.7249 3834.9749 3834.9749 
3565.1749 3823.5749 3834.9749 3834.9749 
3685.2999 3817.7499000000003 3834.9749 3834.9749 
3580.4416 3820.0416 3824.0416 3834.9749 
3746.9166 3826.1166 3833.3499 3833.3499 
3697.6749 3824.1249000000003 3828.3749000000003 3834.9749