1K 10K 100K 1000K
5318.7 15357.3924 
-97514.53009999997 8025.797100000002 
17151.352899999998 17156.686199999996 
12313.672599999998 12484.155200000001 
12758.0468 12808.1868 
12699.3432 12774.1849 
12180.319199999998 12484.1109 
12393.099299999998 12617.032599999999 

5183.433300000001 15612.585799999999 
17295.1912 17297.6662 
17252.782000000003 17310.115299999998 
15740.169200000002 17280.802599999995 
15434.469099999998 17261.5026 
15304.939000000002 17302.1401 
15735.658200000002 17298.323299999996 
15455.5809 17259.340899999996 
15124.5508 17268.4866