A = 12;
N0 = 1;
N1 = 0;
N2 = 0;

P = 56;

udzial = [0.5, 1.0, 1.0, 1.0, 1.0, 1.0, 1.0, 1.0, 1.0, 1.0, 1.0, 0.5];

doktorant = [0, 0, 0, 0, 0, 0, 0, 0, 0, 0, 0, 0];

pracownik = [1, 1, 1, 1, 1, 1, 1, 1, 1, 1, 1, 1];

czyN = [1, 1, 1, 1, 1, 1, 1, 1, 1, 1, 1, 1];

u = [[1.0, 1.0, 1.0, 0, 0, 0, 0, 0, 0, 0, 0, 0, 0, 0, 0, 0, 0, 0, 0, 0, 0, 0, 0, 0, 0, 0, 0, 0, 0, 0, 0, 0, 0, 0, 0, 0, 0, 0, 0, 0, 0, 0, 0, 0, 0, 0, 0, 0, 0, 0, 0, 0, 0, 0, 0, 0], [0, 0, 0, 1.0, 0, 0, 0, 0, 0, 0, 0, 0, 0, 0, 0, 0, 0, 0, 0, 0, 0, 0, 0, 0, 0, 0, 0, 0, 0, 0, 0, 0, 0, 0, 0, 0, 0, 0, 0, 0, 0, 0, 0, 0, 0, 0, 0, 0, 0, 0, 0, 0, 0, 0, 0, 0], [0, 0, 0, 0, 1.0, 0, 0, 0, 0, 0, 0, 0, 0, 0, 0, 0, 0, 0, 0, 0, 0, 0, 0, 0, 0, 0, 0, 0, 0, 0, 0, 0, 0, 0, 0, 0, 0, 0, 0, 0, 0, 0, 0, 0, 0, 0, 0, 0, 0, 0, 0, 0, 0, 0, 0, 0], [0, 0, 0, 0, 0, 1.0, 1.0, 1.0, 0.125, 0, 0, 0, 0, 0, 0, 0, 0, 0, 0, 0, 0, 0, 0, 0, 0, 0, 0, 0, 0, 0, 0, 0, 0, 0, 0, 0, 0, 0, 0, 0, 0, 0, 0, 0, 0, 0, 0, 0, 0, 0, 0, 0, 0, 0, 0, 0], [0, 0, 0, 0, 0, 0, 0, 0, 0, 1.0, 1.0, 1.0, 1.0, 0, 0, 0, 0, 0, 0, 0, 0, 0, 0, 0, 0, 0, 0, 0, 0, 0, 0, 0, 0, 0, 0, 0, 0, 0, 0, 0, 0, 0, 0, 0, 0, 0, 0, 0, 0, 0, 0, 0, 0, 0, 0, 0], [0, 0, 0, 0, 0, 0, 0, 0, 0, 0, 0, 0, 0, 1.0, 1.0, 0, 0, 0, 0, 0, 0, 0, 0, 0, 0, 0, 0, 0, 0, 0, 0, 0, 0, 0, 0, 0, 0, 0, 0, 0, 0, 0, 0, 0, 0, 0, 0, 0, 0, 0, 0, 0, 0, 0, 0, 0], [0, 0, 0, 0, 0, 0, 0, 0, 0, 0, 0, 0, 0, 0, 0, 1.0, 1.0, 0, 0, 0, 0, 0, 0, 0, 0, 0, 0, 0, 0, 0, 0, 0, 0, 0, 0, 0, 0, 0, 0, 0, 0, 0, 0, 0, 0, 0, 0, 0, 0, 0, 0, 0, 0, 0, 0, 0], [0, 0, 0, 0, 0, 0, 0, 0, 0.125, 0, 0, 0, 0, 0, 0, 0, 0, 0.71, 1.0, 0.5, 0.5, 0.5, 1.0, 0.5, 1.0, 1.0, 0.5, 0.33, 0.1, 0.25, 0.33, 1.0, 0.5, 1.0, 1.0, 0.5, 0, 0, 0, 0, 0, 0, 0, 0, 0, 0, 0, 0, 0, 0, 0, 0, 0, 0, 0, 0], [0, 0, 0, 0, 0, 0, 0, 0, 0, 0, 0, 0, 0, 0, 0, 0, 0, 0, 0, 0, 0, 0, 0, 0, 0, 0, 0, 0, 0, 0, 0, 0, 0, 0, 0, 0, 0.71, 1.0, 0.45, 0, 0, 0, 0, 0, 0, 0, 0, 0, 0, 0, 0, 0, 0, 0, 0, 0], [0, 0, 0, 0, 0, 0, 0, 0, 0, 0, 0, 0, 0, 0, 0, 0, 0, 0, 0, 0.5, 0, 0, 0, 0, 0, 0, 0, 0, 0, 0, 0, 0, 0, 0, 0, 0, 0, 0, 0, 1.0, 0.71, 1.0, 0.5, 1.0, 1.0, 1.0, 1.0, 1.0, 1.0, 1.0, 1.0, 1.0, 0, 0, 0, 0], [0, 0, 0, 0, 0, 0, 0, 0, 0, 0, 0, 0, 0, 0, 0, 0, 0, 0, 0, 0, 0, 0, 0, 0, 0, 0, 0, 0, 0, 0, 0, 0, 0, 0, 0, 0, 0, 0, 0, 0, 0, 0, 0, 0, 0, 0, 0, 0, 0, 0, 0, 0, 1.0, 1.0, 0, 0], [0, 0, 0, 0, 0, 0, 0, 0, 0, 0, 0, 0, 0, 0, 0, 0, 0, 0, 0, 0, 0, 0, 0, 0, 0, 0, 0, 0, 0, 0, 0, 0, 0, 0, 0, 0, 0, 0, 0, 0, 0, 0, 0, 0, 0, 0, 0, 0, 0, 0, 0, 0, 0, 0, 0.33, 0.2]];

w = [[100.0, 20.0, 40.0, 0, 0, 0, 0, 0, 0, 0, 0, 0, 0, 0, 0, 0, 0, 0, 0, 0, 0, 0, 0, 0, 0, 0, 0, 0, 0, 0, 0, 0, 0, 0, 0, 0, 0, 0, 0, 0, 0, 0, 0, 0, 0, 0, 0, 0, 0, 0, 0, 0, 0, 0, 0, 0], [0, 0, 0, 200.0, 0, 0, 0, 0, 0, 0, 0, 0, 0, 0, 0, 0, 0, 0, 0, 0, 0, 0, 0, 0, 0, 0, 0, 0, 0, 0, 0, 0, 0, 0, 0, 0, 0, 0, 0, 0, 0, 0, 0, 0, 0, 0, 0, 0, 0, 0, 0, 0, 0, 0, 0, 0], [0, 0, 0, 0, 20.0, 0, 0, 0, 0, 0, 0, 0, 0, 0, 0, 0, 0, 0, 0, 0, 0, 0, 0, 0, 0, 0, 0, 0, 0, 0, 0, 0, 0, 0, 0, 0, 0, 0, 0, 0, 0, 0, 0, 0, 0, 0, 0, 0, 0, 0, 0, 0, 0, 0, 0, 0], [0, 0, 0, 0, 0, 20.0, 20.0, 20.0, 2.5, 0, 0, 0, 0, 0, 0, 0, 0, 0, 0, 0, 0, 0, 0, 0, 0, 0, 0, 0, 0, 0, 0, 0, 0, 0, 0, 0, 0, 0, 0, 0, 0, 0, 0, 0, 0, 0, 0, 0, 0, 0, 0, 0, 0, 0, 0, 0], [0, 0, 0, 0, 0, 0, 0, 0, 0, 100.0, 20.0, 14.0, 10.0, 0, 0, 0, 0, 0, 0, 0, 0, 0, 0, 0, 0, 0, 0, 0, 0, 0, 0, 0, 0, 0, 0, 0, 0, 0, 0, 0, 0, 0, 0, 0, 0, 0, 0, 0, 0, 0, 0, 0, 0, 0, 0, 0], [0, 0, 0, 0, 0, 0, 0, 0, 0, 0, 0, 0, 0, 100.0, 20.0, 0, 0, 0, 0, 0, 0, 0, 0, 0, 0, 0, 0, 0, 0, 0, 0, 0, 0, 0, 0, 0, 0, 0, 0, 0, 0, 0, 0, 0, 0, 0, 0, 0, 0, 0, 0, 0, 0, 0, 0, 0], [0, 0, 0, 0, 0, 0, 0, 0, 0, 0, 0, 0, 0, 0, 0, 20.0, 20.0, 0, 0, 0, 0, 0, 0, 0, 0, 0, 0, 0, 0, 0, 0, 0, 0, 0, 0, 0, 0, 0, 0, 0, 0, 0, 0, 0, 0, 0, 0, 0, 0, 0, 0, 0, 0, 0, 0, 0], [0, 0, 0, 0, 0, 0, 0, 0, 2.5, 0, 0, 0, 0, 0, 0, 0, 0, 14.2, 20.0, 10.0, 10.0, 10.0, 20.0, 10.0, 5.0, 20.0, 2.5, 6.6, 1.0, 1.25, 3.3, 10.0, 7.5, 10.0, 10.0, 5.0, 0, 0, 0, 0, 0, 0, 0, 0, 0, 0, 0, 0, 0, 0, 0, 0, 0, 0, 0, 0], [0, 0, 0, 0, 0, 0, 0, 0, 0, 0, 0, 0, 0, 0, 0, 0, 0, 0, 0, 0, 0, 0, 0, 0, 0, 0, 0, 0, 0, 0, 0, 0, 0, 0, 0, 0, 49.7, 100.0, 18.0, 0, 0, 0, 0, 0, 0, 0, 0, 0, 0, 0, 0, 0, 0, 0, 0, 0], [0, 0, 0, 0, 0, 0, 0, 0, 0, 0, 0, 0, 0, 0, 0, 0, 0, 0, 0, 10.0, 0, 0, 0, 0, 0, 0, 0, 0, 0, 0, 0, 0, 0, 0, 0, 0, 0, 0, 0, 20.0, 14.2, 20.0, 10.0, 20.0, 20.0, 20.0, 20.0, 20.0, 20.0, 3.0, 10.0, 7.0, 0, 0, 0, 0], [0, 0, 0, 0, 0, 0, 0, 0, 0, 0, 0, 0, 0, 0, 0, 0, 0, 0, 0, 0, 0, 0, 0, 0, 0, 0, 0, 0, 0, 0, 0, 0, 0, 0, 0, 0, 0, 0, 0, 0, 0, 0, 0, 0, 0, 0, 0, 0, 0, 0, 0, 0, 20.0, 7.0, 0, 0], [0, 0, 0, 0, 0, 0, 0, 0, 0, 0, 0, 0, 0, 0, 0, 0, 0, 0, 0, 0, 0, 0, 0, 0, 0, 0, 0, 0, 0, 0, 0, 0, 0, 0, 0, 0, 0, 0, 0, 0, 0, 0, 0, 0, 0, 0, 0, 0, 0, 0, 0, 0, 0, 0, 4.95, 3.0]];

monografia = [1, 0, 0, 0, 0, 0, 0, 0, 0, 1, 0, 0, 0, 1, 0, 0, 0, 1, 1, 1, 0, 0, 0, 0, 0, 0, 0, 0, 0, 0, 0, 0, 0, 0, 0, 0, 0, 0, 0, 1, 1, 0, 0, 0, 0, 0, 0, 0, 0, 0, 0, 0, 0, 0, 0, 0];

authorIdList = ["WEITI-e85bc237-d711-46c7-b31e-e4c991c79392", "WUTa93707504757400188c78dc1125408d8", "WUT59637", "WUT55925", "WUTb99b176621774b53983a008169f94ab2", "WUT58733", "WEITI-d5926eb2-7b36-49af-9301-35c7beb30020", "WUT99be1d005606410cad4ad144756be8f4", "WUT22eb829cfe894c0ba87d0beb17c7069d", "WUT58673", "WUT56477", "WUTd48e0dc2529b4c8e8db70d8536d617cf"];

publicationIdList = ["WUTd8205bdae72841c491b63aba766de763", "WUTa18f989d92d94797adc6574b61d7ecc0", "WUTfdce26c816c844b7a520f05886dda19b", "WUT8697fd7373be411eaa8de73a2fba394f", "WUT07612e5392774bf9a161954a574d4440", "WUT73ce7815791d4ba9b8d2dc841e72c7f9", "WUT69e2ca16df344c96b4d2f66d4f810ae0", "WUTa55c09c35d4840c99eea08f2d3febc6c", "WUTd84d71def36c453aa1829abf455c8024", "WUTb3252cf45f0e4f69a6b6dd229277e0b6", "WUTf849f0ce5c1245049639cfa3e2da24ca", "WUT14b434180bf1474aa1df2dcb8b93de68", "WUT0ea4227e1a4040518fdcb378ce6f7b69", "WUT89ad501c02084bb7a8b28150e5472649", "WUT9b7f21385d4546a5a4334cf9b8546be2", "WUTeb3a12f4c2b547b4b02105b301b17042", "WUT9eba90d5ac924f0187b3ec014124b518", "WUTe09f08ae6e544e66b3ee35b821cc73b7", "WUT81e15975858e488d8e7ffbae8b43662e", "WUT8c53d62f49f34056be7b6e71f15956e2", "WUT844dd57282544c1f9e0448772cfe0676", "WUT9b2c58c7022045909a1c9fd34def34c5", "WUTd470791b312747f48213f80e3bfe0d18", "WUT74fe7d8c6fac45679a1116027236d498", "WUTd156d35ebc2f448e9338920cf70ce566", "WUT4a1b451d378c4780a6545588a574d4f7", "WUTe54a18e8dac24050813414d79a9f4719", "WUT8e05ecbe916f4cc1876beadc4a119ad9", "WUTe816ac99b11c47bdbb55f25e4b97a75a", "WUT76b2ac885552445babf3553f1434baef", "WUT7ba0d9a472f649ef8437583514f052ff", "WUT6f37462942474701b6d8ac5021a92c25", "WUT136f812a2d97432fb71698d1d21bad77", "WUTb7f5ab7b421f4c20b67445f618b3a43a", "WUT4a4d81b5dcef4269b51c622cd0084060", "WUT9901df7e2893476b8d33f0f6119f6408", "WUTbdcc6d7c9f074cc8805b0e3afbc53118", "WUTd9226867085f4a568bb8862794ca146e", "WUTe572cad709fe40579cdff63553819641", "WUTb4854578ca6945e29eda9a0eb772d550", "WUT0b1d151cdea848a787301cb902c9719f", "WUT584cc37a0c874edfa3f5f1c636785b6e", "WUTfd4d672ab21941749509155584823782", "WUTaf01a8e5aed9437d88830059734dda60", "WUT825cd1bea82a451db43347e84d825673", "WUTf25f101020954e529fff372b1b628b79", "WUTa56542a4e436428bbaa6d82766eee3b3", "WUT9c3e492f0b6a42548acd545dbb753af6", "WUT134f1ea24eeb46958689dfa6d0e154df", "WUT714548520990437e9138e553c9b100ca", "WUTbcc82cd6d7374b77938215fd85761e58", "WUT880ab86624954bbd97cd019142d8c897", "WUTc5b3499bbf9c44fdad22f9d9a04dfd61", "WUT1503719484ec45428dec3dc6bb04357c", "WUTb7630a3c77c248c882763d51bb9e54d1", "WUTf4769970f5c74f6188a71c176dc723fd"];